-0.22 -8.14 -29.05 -29.05 -8.06 -5.09 -29.05 -29.05 -29.05 -4.24 -29.05 -29.05 -29.05 -2.75 -29.05 -29.05 -29.05 -2.24 -29.05 -29.05 -10.63 -5.91 -29.05 -29.05 -9.53 -5.64 -29.05 -29.05 -29.05 -6.78 -29.05 -29.05 -29.05
-25.18 -25.18 -0.24 -1.56 -25.18 -25.18 -25.18 -25.18 -25.18 -25.18 -25.18 -25.18 -25.18 -25.18 -25.18 -25.18 -25.18 -25.18 -25.18 -25.18 -25.18 -25.18 -25.18 -25.18 -25.18 -25.18 -25.18 -25.18 -25.18 -25.18 -25.18 -25.18 -25.18
-25.03 -25.03 -2.51 -0.08 -25.03 -25.03 -25.03 -25.03 -25.03 -25.03 -25.03 -25.03 -25.03 -25.03 -25.03 -25.03 -25.03 -25.03 -25.03 -25.03 -25.03 -25.03 -25.03 -25.03 -25.03 -25.03 -25.03 -25.03 -25.03 -25.03 -25.03 -25.03 -25.03
-0.00 -6.76 -25.18 -25.18 -25.18 -25.18 -25.18 -25.18 -25.18 -25.18 -25.18 -25.18 -25.18 -5.66 -25.18 -25.18 -25.18 -25.18 -25.18 -25.18 -25.18 -25.18 -25.18 -25.18 -25.18 -25.18 -25.18 -25.18 -25.18 -25.18 -25.18 -25.18 -25.18
-0.00 -22.93 -22.93 -22.93 -22.93 -22.93 -22.93 -22.93 -22.93 -22.93 -22.93 -22.93 -22.93 -22.93 -22.93 -22.93 -22.93 -22.93 -22.93 -22.93 -22.93 -22.93 -22.93 -22.93 -22.93 -22.93 -22.93 -22.93 -22.93 -22.93 -22.93 -22.93 -22.93
-23.98 -23.98 -23.98 -23.98 -23.98 -23.98 -0.00 -23.98 -23.98 -23.98 -23.98 -23.98 -23.98 -23.98 -23.98 -23.98 -23.98 -23.98 -23.98 -23.98 -23.98 -23.98 -23.98 -23.98 -23.98 -23.98 -23.98 -23.98 -23.98 -23.98 -23.98 -23.98 -23.98
-24.63 -24.63 -24.63 -24.63 -24.63 -24.63 -0.74 -0.65 -24.63 -24.63 -24.63 -24.63 -24.63 -24.63 -24.63 -24.63 -24.63 -24.63 -24.63 -24.63 -24.63 -24.63 -24.63 -24.63 -24.63 -24.63 -24.63 -24.63 -24.63 -24.63 -24.63 -24.63 -24.63
-0.00 -23.98 -23.98 -23.98 -23.98 -23.98 -23.98 -23.98 -23.98 -23.98 -23.98 -23.98 -23.98 -23.98 -23.98 -23.98 -23.98 -23.98 -23.98 -23.98 -23.98 -23.98 -23.98 -23.98 -23.98 -23.98 -23.98 -23.98 -23.98 -23.98 -23.98 -23.98 -23.98
-3.50 -3.50 -3.50 -3.50 -3.50 -3.50 -3.50 -3.50 -3.50 -3.50 -3.50 -3.50 -3.50 -3.50 -3.50 -3.50 -3.50 -3.50 -3.50 -3.50 -3.50 -3.50 -3.50 -3.50 -3.50 -3.50 -3.50 -3.50 -3.50 -3.50 -3.50 -3.50 -3.50
-25.18 -25.18 -25.18 -25.18 -25.18 -25.18 -25.18 -25.18 -25.18 -25.18 -0.30 -1.35 -25.18 -25.18 -25.18 -25.18 -25.18 -25.18 -25.18 -25.18 -25.18 -25.18 -25.18 -25.18 -25.18 -25.18 -25.18 -25.18 -25.18 -25.18 -25.18 -25.18 -25.18
-25.76 -25.76 -25.76 -25.76 -25.76 -25.76 -25.76 -25.76 -25.76 -25.76 -0.53 -0.88 -25.76 -25.76 -25.76 -25.76 -25.76 -25.76 -25.76 -25.76 -25.76 -25.76 -25.76 -25.76 -25.76 -25.76 -25.76 -25.76 -25.76 -25.76 -25.76 -25.76 -25.76
-0.00 -25.18 -25.18 -25.18 -25.18 -25.18 -25.18 -25.18 -25.18 -6.06 -25.18 -25.18 -25.18 -6.75 -25.18 -25.18 -25.18 -25.18 -25.18 -25.18 -25.18 -25.18 -25.18 -25.18 -25.18 -6.75 -25.18 -25.18 -25.18 -25.18 -25.18 -25.18 -25.18
-3.50 -3.50 -3.50 -3.50 -3.50 -3.50 -3.50 -3.50 -3.50 -3.50 -3.50 -3.50 -3.50 -3.50 -3.50 -3.50 -3.50 -3.50 -3.50 -3.50 -3.50 -3.50 -3.50 -3.50 -3.50 -3.50 -3.50 -3.50 -3.50 -3.50 -3.50 -3.50 -3.50
-27.17 -27.17 -27.17 -27.17 -27.17 -27.17 -27.17 -27.17 -27.17 -27.17 -27.17 -27.17 -27.17 -27.17 -0.20 -1.70 -27.17 -27.17 -27.17 -27.17 -27.17 -27.17 -27.17 -27.17 -27.17 -27.17 -27.17 -27.17 -27.17 -27.17 -27.17 -27.17 -27.17
-28.02 -28.02 -28.02 -28.02 -28.02 -28.02 -28.02 -28.02 -28.02 -28.02 -28.02 -28.02 -28.02 -28.02 -0.43 -1.06 -28.02 -28.02 -28.02 -28.02 -28.02 -28.02 -28.02 -28.02 -28.02 -28.02 -28.02 -28.02 -28.02 -28.02 -28.02 -28.02 -28.02
-0.00 -8.05 -27.17 -27.17 -27.17 -27.17 -27.17 -27.17 -27.17 -27.17 -27.17 -27.17 -27.17 -7.65 -27.17 -27.17 -27.17 -7.36 -27.17 -27.17 -27.17 -27.17 -27.17 -27.17 -27.17 -27.17 -27.17 -27.17 -27.17 -27.17 -27.17 -27.17 -27.17
-3.50 -3.50 -3.50 -3.50 -3.50 -3.50 -3.50 -3.50 -3.50 -3.50 -3.50 -3.50 -3.50 -3.50 -3.50 -3.50 -3.50 -3.50 -3.50 -3.50 -3.50 -3.50 -3.50 -3.50 -3.50 -3.50 -3.50 -3.50 -3.50 -3.50 -3.50 -3.50 -3.50
-26.86 -26.86 -26.86 -26.86 -26.86 -26.86 -26.86 -26.86 -26.86 -26.86 -26.86 -26.86 -26.86 -26.86 -26.86 -26.86 -26.86 -26.86 -0.05 -3.05 -26.86 -26.86 -26.86 -26.86 -26.86 -26.86 -26.86 -26.86 -26.86 -26.86 -26.86 -26.86 -26.86
-28.85 -28.85 -28.85 -28.85 -28.85 -28.85 -28.85 -28.85 -28.85 -28.85 -28.85 -28.85 -28.85 -28.85 -28.85 -28.85 -28.85 -28.85 -0.14 -2.04 -28.85 -28.85 -28.85 -28.85 -28.85 -28.85 -28.85 -28.85 -28.85 -28.85 -28.85 -28.85 -28.85
-1.77 -26.85 -26.85 -26.85 -26.85 -26.85 -26.85 -26.85 -26.85 -4.75 -26.85 -26.85 -26.85 -0.24 -26.85 -26.85 -26.85 -7.74 -26.85 -26.85 -26.85 -26.85 -26.85 -26.85 -26.85 -3.51 -26.85 -26.85 -26.85 -26.85 -26.85 -26.85 -26.85
-18.42 -18.42 -18.42 -18.42 -18.42 -18.42 -18.42 -18.42 -18.42 -18.42 -18.42 -18.42 -18.42 -0.00 -18.42 -18.42 -18.42 -18.42 -18.42 -18.42 -18.42 -18.42 -18.42 -18.42 -18.42 -18.42 -18.42 -18.42 -18.42 -18.42 -18.42 -18.42 -18.42
-23.14 -23.14 -23.14 -23.14 -23.14 -23.14 -23.14 -23.14 -23.14 -23.14 -23.14 -23.14 -23.14 -23.14 -23.14 -23.14 -23.14 -23.14 -23.14 -23.14 -23.14 -23.14 -3.33 -0.04 -23.14 -23.14 -23.14 -23.14 -23.14 -23.14 -23.14 -23.14 -23.14
-20.21 -20.21 -20.21 -20.21 -20.21 -20.21 -20.21 -20.21 -20.21 -20.21 -20.21 -20.21 -20.21 -20.21 -20.21 -20.21 -20.21 -20.21 -20.21 -20.21 -20.21 -20.21 -1.10 -0.41 -20.21 -20.21 -20.21 -20.21 -20.21 -20.21 -20.21 -20.21 -20.21
-0.00 -23.14 -23.14 -23.14 -23.14 -23.14 -23.14 -23.14 -23.14 -23.14 -23.14 -23.14 -23.14 -23.14 -23.14 -23.14 -23.14 -23.14 -23.14 -23.14 -23.14 -23.14 -23.14 -23.14 -23.14 -23.14 -23.14 -23.14 -23.14 -23.14 -23.14 -23.14 -23.14
-0.00 -19.52 -19.52 -19.52 -19.52 -19.52 -19.52 -19.52 -19.52 -19.52 -19.52 -19.52 -19.52 -19.52 -19.52 -19.52 -19.52 -19.52 -19.52 -19.52 -19.52 -19.52 -19.52 -19.52 -19.52 -19.52 -19.52 -19.52 -19.52 -19.52 -19.52 -19.52 -19.52
-24.08 -24.08 -24.08 -24.08 -24.08 -24.08 -24.08 -24.08 -24.08 -24.08 -24.08 -24.08 -24.08 -24.08 -24.08 -24.08 -24.08 -24.08 -24.08 -24.08 -24.08 -24.08 -24.08 -24.08 -24.08 -24.08 -0.22 -1.62 -24.08 -24.08 -24.08 -24.08 -24.08
-24.92 -24.92 -24.92 -24.92 -24.92 -24.92 -24.92 -24.92 -24.92 -24.92 -24.92 -24.92 -24.92 -24.92 -24.92 -24.92 -24.92 -24.92 -24.92 -24.92 -24.92 -24.92 -24.92 -24.92 -24.92 -24.92 -0.42 -1.06 -24.92 -24.92 -24.92 -24.92 -24.92
-1.34 -24.08 -24.08 -24.08 -24.08 -24.08 -24.08 -24.08 -24.08 -0.32 -24.08 -24.08 -24.08 -4.56 -24.08 -24.08 -24.08 -24.08 -24.08 -24.08 -24.08 -24.08 -24.08 -24.08 -24.08 -24.08 -24.08 -24.08 -24.08 -24.08 -24.08 -24.08 -24.08
-3.50 -3.50 -3.50 -3.50 -3.50 -3.50 -3.50 -3.50 -3.50 -3.50 -3.50 -3.50 -3.50 -3.50 -3.50 -3.50 -3.50 -3.50 -3.50 -3.50 -3.50 -3.50 -3.50 -3.50 -3.50 -3.50 -3.50 -3.50 -3.50 -3.50 -3.50 -3.50 -3.50
-22.27 -22.27 -22.27 -22.27 -22.27 -22.27 -22.27 -22.27 -22.27 -22.27 -22.27 -22.27 -22.27 -22.27 -22.27 -22.27 -22.27 -22.27 -22.27 -22.27 -22.27 -22.27 -22.27 -22.27 -22.27 -22.27 -22.27 -22.27 -22.27 -22.27 -0.09 -2.46 -22.27
-23.38 -23.38 -23.38 -23.38 -23.38 -23.38 -23.38 -23.38 -23.38 -23.38 -23.38 -23.38 -23.38 -23.38 -23.38 -23.38 -23.38 -23.38 -23.38 -23.38 -23.38 -23.38 -23.38 -23.38 -23.38 -23.38 -23.38 -23.38 -23.38 -23.38 -0.36 -1.20 -23.38
-0.00 -22.27 -22.27 -22.27 -22.27 -22.27 -22.27 -22.27 -22.27 -22.27 -22.27 -22.27 -22.27 -22.27 -22.27 -22.27 -22.27 -22.27 -22.27 -22.27 -22.27 -22.27 -22.27 -22.27 -22.27 -22.27 -22.27 -22.27 -22.27 -22.27 -22.27 -22.27 -22.27
-3.50 -3.50 -3.50 -3.50 -3.50 -3.50 -3.50 -3.50 -3.50 -3.50 -3.50 -3.50 -3.50 -3.50 -3.50 -3.50 -3.50 -3.50 -3.50 -3.50 -3.50 -3.50 -3.50 -3.50 -3.50 -3.50 -3.50 -3.50 -3.50 -3.50 -3.50 -3.50 -3.50
